0,6,4,3,11,4,4,4,0,0,4,0,6,2,1,2,2,1,1,0,1
1,48,2,3,59,0,2,2,1,0,2,0,2,2,1,1,2,1,0,0,0
3,12,4,6,20,0,3,2,0,0,3,0,4,2,1,1,1,2,0,0,1
0,42,2,2,78,0,3,2,0,2,4,1,4,2,2,1,2,2,0,0,1
3,36,2,6,90,4,2,2,0,0,4,3,3,2,2,1,1,2,1,0,1
3,12,2,3,30,3,3,2,0,0,4,0,6,2,1,1,1,1,0,0,1
1,12,2,0,12,0,1,3,1,0,1,2,2,2,0,1,2,1,0,0,0
0,24,4,0,11,0,4,4,0,0,4,2,6,2,1,2,1,1,0,0,0
3,24,4,3,24,4,4,4,0,0,4,1,5,2,1,2,2,1,0,0,1
1,24,2,1,125,0,4,4,1,0,2,3,4,2,2,1,3,1,1,0,0
3,9,4,0,21,0,2,4,0,0,4,2,4,2,1,3,2,1,1,0,1
0,6,2,3,26,2,2,2,0,0,3,0,4,2,0,1,2,2,0,0,1
0,10,4,0,22,0,1,1,0,0,3,0,4,2,0,2,1,2,0,1,1
1,12,4,1,18,1,1,3,0,0,4,1,4,2,1,1,2,1,0,0,1
3,10,4,2,20,4,2,2,0,0,1,2,2,2,1,2,2,1,0,1,1
3,6,0,3,4,0,4,4,0,0,4,2,3,2,1,1,1,1,0,0,1
2,12,1,3,4,3,2,3,1,0,3,0,4,2,0,2,2,1,0,0,1
0,60,3,9,68,0,4,3,0,0,4,3,6,2,1,2,2,1,1,0,0
1,18,2,9,19,3,1,3,0,0,3,0,3,0,1,1,2,1,1,0,1
1,45,4,3,47,0,1,4,0,0,2,1,2,2,1,2,1,1,0,0,0
3,48,4,6,61,0,2,1,0,0,3,3,3,0,2,1,2,1,1,0,1
2,18,2,3,21,0,2,4,0,1,2,0,3,1,1,1,2,1,0,0,0
2,10,2,4,12,0,2,2,0,0,2,2,3,2,1,1,2,1,1,0,1
1,9,2,3,4,0,2,4,0,0,3,0,2,2,1,1,2,1,0,0,1
1,18,3,5,62,0,2,2,0,0,4,0,4,2,1,1,1,2,1,0,1
0,30,4,1,61,1,3,1,0,0,4,2,2,2,0,2,2,1,0,0,1
0,48,4,1,61,0,4,4,1,0,4,3,5,1,2,2,1,1,0,0,0
0,6,2,1,13,2,0,1,1,0,2,1,2,2,0,1,0,1,1,0,1
3,11,4,0,72,0,2,1,0,0,4,1,3,2,1,2,1,1,0,0,1
1,27,3,1,59,0,4,1,0,0,2,2,3,2,1,2,3,1,1,0,1
3,12,2,3,12,0,2,3,0,0,2,2,2,2,1,1,2,1,0,0,1
3,18,2,1,33,4,2,2,0,0,1,1,3,2,1,1,2,1,1,0,1
3,6,1,0,7,4,2,1,0,2,2,0,2,1,1,1,1,2,0,0,1
1,15,4,3,15,4,4,4,0,2,4,0,5,2,1,2,2,1,1,0,1
1,36,0,9,19,0,4,4,0,0,4,3,6,2,2,1,3,1,1,0,0
1,48,0,9,144,0,2,2,0,0,2,2,2,2,1,1,2,1,1,0,0
3,24,2,3,31,0,1,4,1,0,4,1,2,2,1,1,2,1,1,0,1
3,27,2,5,51,4,4,4,0,0,4,1,4,2,1,4,2,2,1,0,1
3,12,2,3,21,0,1,2,1,0,2,2,2,0,1,1,2,1,0,0,1
1,12,2,0,10,3,2,4,0,0,1,0,2,2,1,1,2,1,0,0,1
3,36,2,1,81,0,2,1,1,0,2,1,3,0,1,1,2,1,0,0,1
3,7,4,3,7,4,4,4,0,0,2,1,4,2,0,2,1,1,1,0,1
0,8,4,10,11,0,4,3,0,0,4,3,5,0,2,2,3,2,1,0,1
0,36,2,6,19,4,4,4,0,0,4,3,4,2,1,1,3,1,1,0,0
0,42,2,3,39,0,1,4,0,0,3,2,3,2,1,1,2,1,0,0,0
3,54,0,1,94,4,2,2,0,0,2,1,3,2,1,1,1,2,0,0,1
3,24,2,3,59,4,1,1,1,0,1,2,4,2,1,2,2,1,1,0,0
3,15,2,3,12,2,4,4,0,0,3,1,4,1,1,1,2,1,1,0,1
3,18,2,9,15,1,2,3,1,0,4,1,2,2,0,1,1,1,0,0,1
0,24,2,10,17,0,4,4,1,2,4,0,5,2,1,1,1,1,1,0,1
0,10,2,3,23,0,4,3,0,0,4,0,5,2,1,1,1,1,0,0,1
3,12,4,9,14,0,2,4,1,2,2,0,2,2,1,2,3,1,1,0,1
1,36,2,6,126,1,2,1,0,0,4,3,4,2,2,1,2,2,1,0,0
0,18,2,0,22,1,3,4,0,0,3,2,3,2,1,1,3,2,1,0,1
0,12,0,5,11,0,3,4,0,0,3,0,2,2,1,2,2,1,0,0,0
3,12,4,3,6,0,4,4,0,0,4,0,5,2,1,1,2,1,0,0,1
0,12,4,1,14,0,4,4,0,0,3,0,5,2,1,1,2,1,0,0,1
3,12,4,3,7,4,4,4,1,0,3,1,3,0,1,1,1,2,0,0,0
2,24,4,2,36,4,4,4,0,1,4,3,2,2,0,2,2,1,0,0,1
1,54,0,9,159,0,1,3,0,0,4,3,5,2,0,1,2,1,1,0,0
3,12,4,6,20,4,3,4,1,0,2,2,6,2,1,1,2,1,0,0,1
1,20,3,1,70,4,3,3,0,0,4,1,3,0,0,2,3,2,1,0,1
3,24,2,0,14,1,4,4,0,0,4,0,4,2,0,1,1,1,0,0,1
1,36,2,3,23,0,3,4,0,0,4,2,2,2,0,1,2,1,0,0,1
3,12,2,1,24,4,1,2,0,0,4,2,2,2,0,1,2,1,1,0,1
1,24,4,10,119,0,2,2,0,1,3,2,3,2,1,2,3,2,1,0,0
1,12,2,0,60,0,3,2,0,0,2,2,3,2,1,1,2,1,0,0,1
2,15,2,6,3,0,1,4,1,0,4,1,2,2,0,1,2,1,1,0,1
1,18,2,0,62,0,3,3,0,0,3,0,2,2,0,1,1,1,0,0,1
3,36,4,0,78,0,2,4,1,0,2,0,2,1,1,2,2,1,1,0,0
0,12,2,3,16,2,4,3,0,0,1,0,3,2,1,1,2,1,0,0,1
3,48,4,3,35,4,4,4,0,0,1,0,4,2,1,1,2,1,1,0,1
0,42,2,3,71,4,3,4,1,0,3,2,3,2,1,1,3,1,1,0,0
0,10,4,2,21,4,1,2,1,1,3,0,2,2,0,2,2,1,0,1,1
0,33,4,2,42,2,2,1,1,0,4,2,2,2,1,2,2,1,0,0,0
1,12,4,0,23,2,3,3,0,0,3,2,3,2,1,1,3,1,1,0,1
0,12,4,0,21,0,2,4,0,0,2,1,3,2,1,2,2,1,0,0,1
0,12,2,3,7,0,2,4,0,0,2,0,4,2,1,1,1,1,0,0,1
1,12,2,5,6,0,2,4,0,0,2,2,3,2,1,1,2,1,0,0,0
0,36,3,6,68,0,2,4,0,0,3,1,2,1,1,1,2,1,1,0,0
3,15,2,2,27,0,1,2,0,0,3,1,2,0,1,2,1,1,0,0,1
3,60,2,3,101,1,3,2,1,0,4,0,2,2,1,1,2,1,1,0,1
1,15,4,3,27,4,3,4,0,2,2,0,3,0,1,3,2,1,1,0,1
2,12,2,3,18,0,2,2,1,0,2,2,4,2,0,1,1,1,1,0,1
1,36,2,3,47,0,1,4,1,0,1,3,3,2,1,1,3,1,1,0,1
0,27,2,3,34,0,2,3,0,0,2,2,2,2,1,1,3,1,0,0,1
3,21,4,2,22,0,1,4,1,0,4,1,2,2,1,1,2,1,1,0,1
1,48,1,9,35,1,3,4,0,0,2,2,3,2,1,1,2,1,0,0,1
0,6,4,0,8,0,4,1,1,0,4,3,3,2,1,2,2,1,1,0,1
3,12,4,0,6,1,3,4,1,0,3,2,5,2,1,2,2,1,1,0,1
3,18,4,3,15,3,4,4,0,0,4,2,4,2,1,2,2,1,0,0,1
3,6,2,3,13,1,4,2,0,0,4,3,4,0,2,1,2,2,1,0,1
3,10,2,3,19,0,2,1,0,0,4,1,3,2,1,1,2,1,1,1,1
2,36,2,3,58,0,2,4,0,0,1,2,2,2,1,1,2,1,0,0,1
0,12,2,2,12,0,2,2,1,0,4,2,2,2,0,1,2,1,0,0,0
0,12,1,8,3,0,4,4,0,0,1,2,4,0,1,1,1,1,0,0,1
1,24,2,0,35,1,3,2,0,0,3,2,3,0,1,2,2,1,1,0,1
3,6,4,3,18,4,2,1,0,0,2,0,3,2,1,2,1,2,0,0,1
3,24,4,3,28,1,4,3,0,0,4,0,3,2,1,1,2,2,1,0,1
3,18,4,0,10,0,1,4,1,0,1,1,3,2,1,2,2,1,0,0,1
3,15,2,4,12,2,3,4,0,0,3,1,3,2,1,2,2,1,1,0,1
1,10,2,0,73,0,0,2,0,0,4,3,7,0,2,1,3,1,1,0,1
3,6,2,2,29,2,2,1,0,0,2,2,3,2,1,1,2,1,1,0,1
0,18,2,2,11,0,0,4,1,0,2,2,3,2,1,1,2,1,0,0,0
1,11,2,2,15,3,1,4,1,0,1,0,2,2,1,1,2,1,0,0,1
1,24,4,9,19,0,4,4,0,0,4,0,3,2,1,2,2,1,1,0,0
0,15,0,0,9,0,4,4,0,0,3,2,3,2,0,2,2,2,0,0,0
3,12,2,2,7,0,2,4,1,0,1,0,2,2,1,1,2,1,1,0,1
1,24,3,2,20,0,0,3,1,0,2,1,3,2,1,1,3,1,1,0,0
0,21,3,6,34,0,1,2,0,0,1,1,2,2,1,2,2,1,0,0,0
3,30,1,1,74,4,0,4,1,0,1,0,5,0,1,1,3,1,1,0,0
0,12,2,2,25,0,2,2,0,0,1,2,4,2,1,1,2,1,0,0,1
0,6,4,3,3,2,4,4,0,0,4,2,5,2,1,2,2,1,0,0,1
3,12,2,3,19,0,3,4,0,0,2,2,3,2,0,2,3,2,1,0,1
3,36,3,9,95,0,1,1,0,0,1,2,2,2,1,2,2,1,0,0,0
1,36,3,9,44,0,2,2,0,0,2,0,3,1,1,2,3,1,1,0,0
3,24,4,2,37,3,2,4,0,0,4,0,5,2,1,1,2,1,1,0,1
3,15,4,3,13,0,2,4,0,0,2,1,3,2,1,2,2,1,0,0,1
1,9,1,1,51,0,4,2,1,0,4,3,7,0,2,1,3,2,1,0,0
1,16,4,0,11,0,0,2,0,0,3,2,6,2,2,3,0,1,1,0,1
0,12,2,3,6,1,3,4,0,0,1,1,2,2,1,1,2,1,0,0,0
1,18,0,2,32,0,2,1,1,0,4,2,3,0,1,2,2,1,1,0,1
3,24,2,9,45,3,2,2,0,0,3,1,5,2,1,3,3,1,1,0,0
1,48,0,9,38,1,3,4,0,0,4,3,3,2,2,1,1,2,0,0,0
1,45,2,3,30,1,2,4,0,2,4,1,2,2,0,1,2,1,0,0,0
1,12,2,2,9,1,1,4,1,0,4,2,2,0,0,4,2,1,0,0,0
1,18,3,2,42,0,4,4,0,0,3,3,4,2,1,1,3,1,1,0,0
3,9,4,6,9,2,4,4,0,0,2,2,5,2,1,2,2,1,1,0,1
3,12,4,0,14,0,4,4,0,0,1,0,3,2,1,2,1,2,0,0,1
0,30,4,1,106,0,4,3,0,0,4,3,3,2,2,3,3,2,1,0,1
3,12,4,2,19,0,4,4,0,0,4,0,4,2,1,3,2,1,1,0,1
1,12,4,4,14,0,3,4,0,0,3,1,2,2,1,1,2,1,0,0,1
0,24,2,9,65,0,2,2,0,0,2,2,2,1,1,1,1,1,0,0,1
3,12,2,1,14,3,3,3,0,0,2,1,5,2,1,1,2,1,0,1,1
3,9,4,3,30,4,2,1,0,0,2,0,3,2,1,2,2,2,0,0,1
3,36,2,3,38,4,4,2,1,0,4,0,4,2,1,1,1,1,1,0,1
0,27,0,9,52,0,0,2,0,0,4,1,5,1,1,2,2,1,1,0,0
2,30,3,9,19,0,4,4,0,0,4,0,6,2,1,1,3,1,1,0,0
3,36,4,3,33,4,4,4,0,0,2,2,5,2,1,1,2,1,1,0,1
2,36,2,3,39,0,2,2,0,0,2,0,2,2,1,1,2,1,1,0,1
0,24,2,2,30,0,2,2,0,0,2,0,2,2,0,1,1,1,0,0,1
3,10,2,0,13,0,2,2,1,0,4,2,6,2,1,1,2,1,1,0,1
1,12,2,3,6,0,1,4,0,2,1,0,2,0,1,1,1,1,0,0,1
0,12,2,6,12,4,2,4,1,0,4,1,2,0,0,1,2,1,1,0,1
3,24,3,9,29,4,2,4,0,0,4,0,3,2,1,2,2,2,1,0,1
3,15,2,1,46,0,2,3,0,0,2,2,3,2,1,1,2,1,1,0,1
1,48,2,3,109,3,3,1,0,1,2,3,2,0,1,2,2,1,1,0,0
0,12,2,2,78,0,4,4,0,0,4,3,5,2,2,1,3,1,1,0,0
3,9,2,3,14,0,3,4,0,0,2,2,2,2,1,1,2,1,0,0,0
0,24,2,2,31,0,1,4,0,0,1,3,2,0,2,1,2,1,0,0,1
3,9,2,0,25,2,4,2,0,0,4,3,5,2,2,1,1,1,0,0,1
3,12,2,3,21,1,3,3,0,0,1,3,3,2,1,1,2,1,0,0,1
1,18,2,3,8,0,2,4,0,2,2,0,2,2,1,1,1,1,0,0,1
0,24,2,3,18,0,0,4,0,0,2,2,3,1,1,1,3,2,0,0,0
1,6,2,0,145,4,0,1,0,0,2,1,2,2,1,1,0,1,1,0,0
1,21,2,9,27,1,4,4,0,0,2,2,6,0,0,2,1,1,0,0,0
3,12,4,3,12,0,2,4,1,0,2,1,3,2,1,2,2,1,0,0,1
0,30,2,3,25,0,4,1,0,2,3,1,3,2,1,1,2,2,0,0,1
0,24,2,0,9,4,4,4,1,0,2,2,2,0,1,1,2,1,0,0,0
3,6,2,3,15,0,3,3,0,0,2,1,5,2,1,1,2,2,0,0,1
3,12,4,9,11,0,2,3,1,0,2,0,2,2,1,2,2,1,0,0,1
3,12,1,8,34,2,2,4,1,0,3,0,3,2,1,1,1,2,0,0,1
3,24,2,9,12,0,3,4,0,0,1,0,2,2,1,1,2,1,1,0,1
3,12,4,3,7,0,4,4,0,0,4,0,5,2,1,3,2,1,0,0,1
2,24,2,2,19,0,2,2,0,0,2,0,2,2,1,1,2,1,0,0,1
0,6,4,0,6,3,3,3,1,0,4,0,3,2,1,2,1,1,1,0,1
1,9,2,2,20,4,3,2,0,0,1,2,2,2,1,1,2,1,1,0,1
1,60,3,3,74,4,2,1,0,0,1,0,2,2,1,1,1,1,0,0,1
3,24,4,3,26,0,2,4,0,0,2,0,3,2,1,2,1,1,0,0,1
0,12,1,3,21,0,2,4,0,0,1,3,2,2,2,1,2,1,0,0,0
3,15,2,1,38,1,1,1,1,0,4,2,2,2,1,1,2,1,1,0,1
3,11,4,3,11,1,0,4,1,0,4,0,5,2,1,3,1,1,0,0,1
0,12,2,2,16,0,2,2,0,0,2,0,2,2,1,1,2,1,0,0,1
0,24,2,3,16,0,4,4,1,0,4,2,5,2,1,1,2,1,0,0,1
0,18,4,0,53,0,4,2,0,0,4,3,3,2,2,3,3,1,1,0,1
3,10,4,0,12,0,4,3,0,0,4,0,3,2,1,2,1,2,0,1,1
1,15,2,3,8,0,4,4,0,0,3,2,3,2,1,1,2,2,0,0,0
3,36,4,9,63,4,4,4,0,0,4,0,3,2,1,2,2,1,0,0,1
0,14,2,0,89,0,4,1,0,0,4,1,4,2,1,1,3,1,1,1,0
3,12,4,2,14,2,3,3,1,0,4,2,3,2,0,1,2,1,1,0,1
1,48,2,3,30,0,3,4,0,0,4,0,2,2,1,2,2,1,0,0,0
0,30,2,5,119,0,1,1,0,0,1,3,3,2,1,1,1,1,1,0,0
3,18,4,3,24,0,2,2,1,0,2,2,2,2,1,2,2,1,0,0,1
3,6,2,2,46,0,1,1,1,0,4,1,3,2,1,1,2,1,0,0,0
3,24,2,3,19,1,2,4,0,0,4,2,2,2,0,1,3,1,1,0,1
3,12,2,2,15,0,2,4,0,0,2,0,5,2,1,1,2,1,0,0,1
2,18,1,3,14,4,3,4,0,0,4,2,4,0,1,1,1,1,0,0,1
3,15,4,2,15,4,4,4,0,0,4,1,6,2,1,1,2,1,0,0,1
1,24,4,0,38,1,1,4,0,0,2,2,3,2,1,1,2,1,1,0,1
0,47,2,0,107,0,1,1,1,0,1,0,3,2,1,1,1,1,1,0,1
0,48,2,1,47,0,3,4,0,0,3,1,2,2,1,1,2,2,0,0,1
1,12,2,3,10,0,2,4,1,2,4,0,4,2,1,2,2,1,1,0,1
0,24,3,3,10,0,1,4,0,0,4,0,4,1,1,1,2,1,0,0,0
3,12,2,9,10,0,2,2,0,0,2,0,2,2,1,1,2,1,1,1,1
1,36,2,1,93,0,1,1,0,0,4,2,2,2,0,1,3,1,1,0,0
0,24,4,1,64,0,4,2,1,0,4,3,4,2,2,2,3,2,1,0,1
3,48,4,9,76,4,4,4,0,0,2,2,4,0,1,2,3,2,0,0,1
1,48,2,2,99,0,1,1,1,0,2,2,2,2,1,1,2,1,1,0,0
3,12,2,1,46,4,1,1,1,0,4,2,2,2,0,1,2,1,0,0,1
3,10,2,0,12,4,4,4,0,1,2,1,4,2,1,1,1,1,0,1,1
3,18,2,2,25,0,2,3,0,0,4,0,4,2,1,1,2,1,1,0,1
1,21,4,2,27,3,3,3,0,0,2,2,3,2,1,2,2,1,1,0,1
3,6,2,0,6,0,0,1,1,0,4,0,5,2,1,1,0,1,1,0,1
2,24,4,0,13,4,3,4,0,0,2,0,3,0,1,2,1,2,0,0,0
0,10,4,0,10,0,3,4,0,1,3,1,4,2,1,2,2,1,1,0,1
3,48,4,0,101,2,2,2,0,0,2,3,4,0,2,1,2,1,0,0,0
3,6,2,2,15,3,2,4,0,0,2,0,3,2,1,1,2,1,0,0,1
1,8,2,2,12,0,2,3,1,0,4,0,2,2,1,1,2,1,0,0,0
1,48,2,10,53,4,0,3,0,0,4,3,4,0,2,1,0,1,1,0,1
2,24,2,2,37,0,1,2,1,0,4,2,2,2,1,1,2,1,0,0,1
1,12,2,0,6,0,3,2,0,0,3,2,2,0,1,1,1,1,0,0,0
2,4,2,0,14,4,1,1,0,0,2,0,2,2,1,1,1,2,0,1,1
0,36,1,2,27,0,4,4,0,0,4,2,3,0,1,1,2,1,0,0,0
0,12,2,2,7,0,2,2,0,2,3,1,3,2,1,1,1,2,0,0,1
1,24,2,2,43,4,2,1,1,0,4,1,4,2,1,1,1,1,1,0,1
0,15,3,2,36,0,4,1,1,0,4,1,2,2,1,2,1,1,0,0,1
0,24,2,1,29,0,3,2,0,0,1,3,3,2,2,1,3,1,1,0,1
0,18,2,2,26,3,2,4,0,0,2,2,2,2,1,1,2,1,0,0,1
3,18,4,0,10,0,2,4,1,0,3,0,3,2,1,2,2,1,0,0,1
0,8,4,0,33,0,3,1,0,0,4,0,3,2,1,2,1,1,0,1,1
3,24,2,0,15,3,3,4,1,0,3,2,3,2,1,1,2,2,1,0,1
1,6,2,3,10,0,4,4,0,0,4,2,2,2,1,1,2,2,0,0,1
0,24,4,1,66,0,0,2,0,0,4,3,7,2,2,2,3,1,1,0,1
3,18,4,6,18,1,2,4,1,0,2,0,3,2,1,2,2,1,0,0,0
1,60,2,0,74,1,1,4,1,0,2,1,2,2,1,1,3,1,0,0,0
3,48,4,1,115,1,2,2,1,0,4,2,2,0,0,2,1,1,0,0,0
0,24,0,2,41,0,4,3,0,0,4,3,2,0,0,2,2,2,0,0,0
0,6,4,2,33,0,2,1,0,0,4,0,4,2,0,1,3,1,1,0,0
1,13,2,3,21,0,1,2,1,2,4,1,2,2,1,1,1,1,0,0,1
0,15,2,4,12,4,2,4,1,0,2,2,2,2,0,1,2,1,0,0,0
0,24,2,2,41,0,2,4,0,0,4,1,2,2,1,1,2,1,0,0,1
0,21,2,2,35,0,3,1,1,0,4,2,2,2,0,1,1,1,0,0,1
1,18,2,3,32,2,1,1,0,0,3,0,2,2,0,1,2,1,0,0,1
1,18,2,9,44,0,4,1,0,1,1,0,3,0,1,1,3,1,1,0,1
2,10,2,0,39,0,1,1,0,2,1,1,3,2,1,1,1,2,0,0,1
3,15,4,3,14,0,2,4,1,0,2,2,4,2,1,1,1,1,0,0,1
1,24,2,3,37,2,0,1,1,0,4,3,2,2,0,1,0,1,0,0,1
3,9,2,4,12,0,1,1,1,0,4,0,2,2,0,1,2,1,1,0,1
1,9,2,2,9,0,2,1,1,0,2,2,2,2,1,1,2,1,0,1,0
3,18,4,1,32,4,0,2,0,0,4,3,3,2,1,1,3,1,1,0,1
0,12,0,3,61,0,2,4,0,0,2,1,2,2,0,2,2,1,1,0,0
1,24,2,0,12,0,1,4,0,0,2,0,2,1,1,1,1,1,0,0,0
3,36,3,3,44,0,2,4,0,0,2,2,2,2,1,2,3,1,1,0,0
2,12,2,3,33,4,4,2,0,0,3,2,3,2,1,1,3,1,0,0,1
2,12,3,0,22,0,2,2,1,0,2,2,3,1,1,2,2,1,1,0,1
3,6,2,2,17,0,2,1,0,0,2,1,2,2,0,1,2,1,0,0,1
0,18,2,2,24,0,0,4,0,0,1,2,2,2,1,1,0,1,0,0,0
3,18,4,1,38,0,3,3,0,0,1,2,2,2,1,2,2,1,0,0,1
0,18,2,2,36,0,1,1,1,0,4,2,2,2,0,1,2,1,0,0,1
1,18,2,2,30,0,3,2,1,0,4,0,4,2,0,1,2,1,0,0,1
3,18,4,3,60,0,4,3,0,0,4,2,3,2,1,2,2,1,1,0,1
3,60,4,0,137,4,4,2,0,0,4,3,6,0,2,1,3,1,1,0,1
0,48,1,9,76,0,3,2,1,2,4,2,3,2,0,1,2,1,0,0,0
3,18,3,3,23,0,0,2,0,0,3,0,3,2,1,2,2,1,0,0,1
3,7,3,3,8,4,4,3,0,0,4,3,3,2,2,1,2,1,0,0,1
3,6,4,0,3,1,2,4,1,0,4,2,5,2,1,2,1,1,0,0,1
1,18,2,1,129,0,0,3,1,0,4,3,3,2,2,1,3,1,1,0,0
3,22,2,0,12,4,3,4,1,0,4,1,2,2,0,1,2,1,0,0,1
3,18,4,3,22,0,2,2,1,0,1,2,2,2,1,2,2,1,0,0,1
3,18,2,3,11,4,1,4,1,0,2,0,2,2,0,1,2,1,1,0,1
1,18,4,2,73,0,0,4,0,0,4,1,4,1,1,2,3,1,1,0,1
1,15,4,9,23,2,2,2,0,0,4,2,2,0,1,1,2,1,0,0,1
3,9,2,9,14,0,3,3,1,0,2,2,2,2,1,2,2,1,0,0,1
3,18,2,0,18,0,2,2,0,0,2,1,3,2,1,1,3,1,1,0,1
0,6,4,3,19,0,3,1,1,0,4,2,3,2,1,1,2,1,0,0,1
3,9,4,2,24,0,0,2,0,0,3,2,3,2,1,1,3,1,0,0,1
0,12,2,2,25,0,0,3,1,0,4,3,5,2,2,1,3,1,0,0,1
1,12,2,0,12,0,4,1,0,0,1,0,4,2,0,2,2,1,0,0,0
3,24,4,3,15,3,2,4,1,0,1,0,4,2,1,2,1,1,0,0,1
3,18,2,3,14,0,1,3,0,0,4,0,3,2,1,1,2,1,1,0,1
1,18,4,9,18,4,2,4,0,0,4,0,2,0,1,2,2,1,0,0,1
3,14,3,0,8,0,2,4,0,0,2,2,2,2,1,2,1,1,0,0,1
1,18,3,0,28,4,4,4,0,0,4,2,4,2,1,1,2,2,0,0,1
1,24,2,3,20,0,1,1,0,0,1,1,2,2,1,1,2,1,1,0,0
3,24,4,1,21,4,3,4,0,0,4,2,4,2,1,2,2,2,1,0,1
0,15,2,3,10,0,1,4,0,0,2,0,2,2,1,1,2,1,0,1,1
3,24,2,3,32,2,4,3,0,0,2,2,2,2,1,1,3,1,1,0,1
2,12,4,0,9,2,3,4,0,0,2,0,2,2,1,3,2,1,1,0,0
1,24,2,3,19,0,4,4,1,0,4,2,2,2,1,1,2,1,1,0,1
3,12,4,9,22,0,0,4,0,0,2,2,4,1,1,2,3,1,1,0,0
3,10,2,0,15,2,2,3,0,0,2,3,4,2,0,1,1,2,0,1,1
0,24,2,0,13,4,2,4,1,0,2,1,3,2,1,1,2,1,0,0,0
0,12,2,0,25,0,1,4,0,0,1,0,3,2,1,1,1,2,0,0,0
1,18,2,0,10,4,2,4,1,0,2,1,3,2,1,1,2,1,0,0,0
3,15,2,0,31,3,3,2,1,0,3,2,2,2,0,1,2,1,0,0,1
1,12,2,1,20,4,2,4,0,0,2,2,3,2,1,1,2,1,0,0,1
3,21,3,2,15,1,3,4,0,0,3,0,3,2,1,2,3,1,0,0,1
1,12,2,2,27,4,4,1,1,0,2,1,2,0,1,1,2,1,1,0,0
1,18,2,1,27,0,2,1,0,0,3,2,2,2,0,1,2,1,1,0,1
3,18,4,3,11,3,2,4,0,0,3,0,4,2,1,2,2,1,0,0,1
3,9,2,2,13,0,4,1,0,0,4,2,2,2,1,1,2,1,0,0,1
0,18,4,5,11,0,0,2,1,0,4,3,5,2,2,3,0,2,0,0,0
3,5,2,9,34,0,3,1,0,0,4,0,7,2,1,1,1,1,0,0,1
0,6,4,2,18,0,0,4,0,0,4,3,3,2,2,3,3,1,1,0,1
3,24,4,5,20,0,2,4,0,0,2,0,3,2,1,2,2,1,1,0,1
0,9,2,2,21,0,2,3,0,0,2,0,2,2,1,1,2,1,0,0,1
1,12,2,3,14,4,2,2,0,0,1,0,2,2,1,1,2,1,1,0,0
3,6,2,5,6,2,3,2,0,0,4,0,2,2,0,1,1,1,0,0,1
3,24,4,0,12,3,4,4,1,0,4,0,3,2,1,2,2,1,1,0,1
0,42,4,5,33,0,0,4,0,1,4,2,6,2,1,2,0,1,0,0,1
3,12,2,0,18,0,4,4,0,0,4,2,3,2,1,1,3,1,1,0,1
1,20,3,10,26,0,2,2,0,0,3,2,2,0,1,2,2,1,1,0,1
3,12,2,6,7,0,4,4,0,0,4,2,4,0,1,1,1,2,0,0,0
1,48,4,2,50,0,2,2,1,0,3,2,3,2,1,1,3,1,1,0,0
0,36,2,0,18,0,1,4,1,0,4,2,3,2,1,1,2,1,1,0,0
1,7,2,3,25,0,2,2,0,2,2,0,3,2,1,1,2,1,0,0,1
2,12,2,2,14,4,4,3,1,0,4,0,5,2,1,1,3,1,1,0,1
1,15,3,5,15,3,2,3,0,0,3,1,6,1,1,2,2,1,0,0,0
3,36,4,1,110,4,2,4,0,0,2,2,3,2,1,1,3,1,1,0,1
3,6,2,3,5,0,2,3,1,0,1,0,2,2,1,1,2,1,0,0,1
3,12,0,2,27,0,4,2,0,0,4,1,3,2,1,2,2,1,0,0,1
3,24,2,1,26,0,4,4,0,0,4,2,3,2,1,1,3,1,1,0,1
3,24,2,1,26,0,1,4,1,0,1,3,2,2,1,1,3,1,1,0,1
0,11,4,0,39,0,2,2,0,0,2,0,3,2,0,2,2,2,0,0,1
0,12,2,1,33,0,4,3,0,0,4,3,3,2,2,1,2,1,1,0,0
3,18,2,3,45,0,1,3,0,0,2,2,3,2,1,1,2,1,1,0,1
0,15,2,0,17,0,1,2,0,0,3,0,3,2,1,1,2,1,0,0,1
1,12,2,2,30,0,1,3,1,0,1,0,3,2,0,1,3,1,0,0,1
1,12,2,8,7,4,4,4,0,0,4,1,3,2,1,2,2,1,0,0,1
3,18,2,9,19,0,3,4,0,0,1,2,3,1,1,2,2,1,1,0,1
0,24,3,3,16,0,1,4,1,0,2,2,2,2,0,1,1,1,1,0,0
1,24,2,3,30,1,1,3,0,0,2,2,2,2,0,1,2,1,1,0,0
0,6,2,6,4,0,1,4,1,0,4,1,2,2,1,1,2,1,0,0,0
0,9,2,0,6,0,2,4,0,0,3,2,2,2,1,1,1,1,0,0,0
3,6,2,8,12,4,0,4,0,0,4,1,3,2,1,1,3,2,1,0,1
1,18,4,3,12,0,2,4,0,0,2,2,3,2,1,1,2,1,0,0,0
3,39,2,1,25,2,2,4,0,0,4,2,2,2,1,1,2,1,0,0,1
2,24,2,3,51,0,3,4,0,0,2,2,2,0,1,1,2,1,0,0,1
0,15,4,2,14,0,4,4,0,0,4,2,4,2,1,2,2,2,1,0,1
1,12,4,3,35,0,2,1,1,0,1,0,2,2,1,1,1,1,0,0,1
1,24,2,0,12,0,1,4,0,0,1,1,2,2,1,1,2,1,0,0,1
0,30,2,2,36,3,4,4,1,0,4,1,5,2,0,2,2,1,1,0,1
3,15,3,2,9,3,3,3,1,0,2,1,3,2,1,2,2,1,0,0,1
3,12,4,0,11,2,2,4,0,0,4,0,4,2,1,1,2,1,1,0,1
3,12,2,3,30,0,2,2,0,0,4,2,5,2,1,1,2,1,1,0,1
3,24,2,0,37,0,4,4,1,1,4,3,6,2,2,1,2,1,1,0,1
3,6,2,0,35,0,2,2,0,2,3,1,2,2,0,1,2,1,0,0,1
3,12,4,3,19,0,4,2,0,0,2,3,2,2,1,2,2,1,0,0,1
3,6,4,3,12,1,2,1,1,0,1,1,2,2,1,2,2,1,0,0,1
1,6,2,3,3,4,4,4,0,0,4,1,3,2,1,1,2,1,0,0,1
1,36,2,2,90,1,1,4,0,1,1,3,2,2,0,1,3,1,1,0,0
3,24,4,2,15,0,3,4,0,0,3,1,4,2,1,2,2,1,0,0,1
0,36,2,1,54,0,4,2,0,0,4,3,4,2,2,1,2,2,0,0,1
1,24,4,3,12,1,1,4,0,0,4,3,3,0,1,2,2,2,0,0,0
0,24,2,0,12,0,1,4,1,0,4,1,2,2,0,1,2,1,0,0,0
3,24,2,3,14,0,2,4,0,0,2,1,2,2,1,1,2,1,0,0,1
3,39,2,1,85,1,4,4,0,0,2,2,4,2,1,1,3,1,1,0,1
0,12,2,0,7,0,3,4,0,0,2,0,2,2,1,1,2,1,0,0,0
1,12,3,3,5,0,2,4,0,1,4,0,2,2,0,2,2,1,0,0,1
0,6,4,0,13,0,1,2,0,0,4,0,4,2,1,1,1,2,0,1,1
3,36,4,2,71,0,1,2,1,0,4,1,2,2,0,2,2,1,1,0,0
3,24,4,5,55,0,4,3,0,0,4,3,4,2,2,2,2,1,0,0,1
0,18,2,3,31,0,2,2,1,0,2,0,2,2,1,1,2,1,0,0,0
0,48,0,2,71,0,2,3,0,0,4,3,5,2,2,2,2,2,0,0,0
3,24,2,1,34,1,3,3,1,0,4,2,2,2,1,1,2,1,0,0,1
1,18,2,3,11,0,2,4,1,2,4,0,2,2,1,1,1,2,0,0,1
3,15,4,6,15,1,2,4,1,0,3,2,3,2,1,1,2,1,0,0,1
3,4,4,3,15,0,3,2,0,0,1,0,4,2,1,2,1,2,0,0,1
0,36,2,3,23,0,2,4,0,0,4,2,3,2,0,1,2,1,0,0,0
0,6,2,0,6,0,1,3,0,0,4,0,4,2,1,1,1,2,1,0,1
3,12,3,1,15,0,2,4,0,0,4,0,4,2,0,1,2,1,0,0,1
3,24,2,3,13,1,3,4,0,0,3,1,2,2,1,1,2,1,1,0,1
2,21,4,6,23,0,1,2,0,0,1,2,3,2,0,1,2,1,0,0,0
0,6,2,0,13,4,0,4,1,0,3,1,7,2,1,1,3,1,1,0,1
1,18,4,2,36,0,4,3,1,0,4,1,3,2,1,1,2,1,1,0,1
0,48,2,0,77,0,4,4,0,0,4,3,4,0,2,1,3,1,0,0,0
1,12,2,3,15,0,1,1,0,0,1,0,2,2,0,1,2,1,0,0,0
3,24,3,0,20,0,4,4,0,0,4,3,6,2,2,2,2,1,1,0,1
2,18,2,2,28,0,2,2,0,0,1,0,3,2,1,1,1,2,0,0,0
0,24,3,0,13,0,0,4,0,0,2,0,4,2,2,2,2,2,0,0,0
3,24,4,0,20,0,2,4,1,0,4,2,3,2,1,1,2,1,1,0,1
0,12,1,3,6,0,2,4,1,0,4,0,2,0,1,1,1,1,0,0,0
3,48,4,1,88,4,3,2,0,0,1,3,3,2,2,2,2,1,1,0,1
3,12,4,5,9,4,3,4,1,0,4,0,2,2,1,2,2,1,0,0,1
3,6,1,3,17,2,4,2,0,0,4,1,4,0,1,1,1,2,0,0,1
0,48,2,3,69,0,3,1,0,2,1,0,3,2,1,2,2,1,1,0,0
1,9,2,6,11,0,3,4,1,0,4,1,6,2,1,2,3,1,1,0,1
1,12,2,3,13,0,1,2,0,0,1,2,2,1,1,1,2,1,0,0,0
1,18,0,0,22,1,1,3,1,0,3,2,2,2,1,2,2,1,0,0,0
3,21,0,0,50,4,2,1,1,0,4,1,2,0,1,2,2,1,1,0,0
0,24,1,2,35,0,3,3,0,0,4,2,2,0,1,1,2,1,0,0,0
1,18,4,2,19,0,1,2,0,0,2,0,3,2,1,2,1,1,0,0,0
0,24,2,1,29,4,4,4,0,0,4,3,4,0,2,1,2,2,1,0,1
0,24,1,3,15,0,3,4,0,2,4,2,2,0,0,1,1,1,0,0,0
1,36,2,0,123,4,2,1,0,0,4,3,3,2,2,1,2,1,1,0,0
1,24,3,9,47,4,2,4,0,0,2,1,3,0,1,2,3,1,1,0,1
0,12,2,0,13,0,3,2,0,0,3,2,3,2,1,1,2,1,0,0,0
3,24,4,3,25,3,4,2,0,0,2,2,3,2,1,1,2,1,0,0,1
1,48,2,3,39,4,3,4,0,0,1,2,4,2,1,2,2,2,1,0,1
0,48,2,3,67,0,2,3,1,0,2,2,3,2,1,1,2,1,1,0,0
3,30,4,3,59,0,3,3,0,1,2,2,3,2,1,1,2,1,0,0,1
3,24,2,1,54,4,0,2,1,0,4,1,2,2,0,1,3,1,1,0,1
0,15,2,9,8,0,2,4,1,0,4,1,2,2,1,1,1,1,0,0,1
1,9,2,3,10,0,4,4,0,0,4,2,2,2,1,2,1,1,0,0,1
3,15,4,2,27,0,3,2,1,1,3,2,2,0,1,2,2,1,0,0,1
1,12,2,3,29,0,3,2,1,0,1,0,2,2,1,1,2,1,0,0,1
3,24,4,6,19,4,2,3,1,0,2,2,3,2,1,2,2,1,1,0,1
1,18,4,0,10,0,4,3,0,2,3,0,3,0,1,2,2,1,0,0,0
1,12,4,0,31,0,1,1,0,0,3,0,4,0,1,2,1,2,0,0,1
1,36,2,5,23,0,1,4,0,0,1,3,3,2,0,1,1,1,0,0,0
0,18,2,2,20,0,2,1,1,0,4,0,2,0,0,1,2,1,0,0,0
0,9,4,0,27,0,2,2,0,0,2,0,3,2,0,2,2,2,0,0,1
0,12,2,2,12,0,2,4,0,2,1,1,2,2,1,1,1,1,0,0,1
0,12,4,2,22,0,4,3,0,0,3,1,6,2,1,2,2,1,0,0,0
1,24,3,0,19,4,2,4,1,0,4,2,4,2,0,2,2,1,1,0,1
3,21,2,9,15,3,4,4,1,0,4,0,3,0,1,1,1,1,0,0,1
1,24,2,0,27,0,2,3,1,0,4,1,2,2,0,1,1,1,1,0,0
0,24,1,10,13,4,4,4,0,0,3,2,4,1,1,1,3,1,1,0,0
0,24,2,0,14,0,3,4,1,0,4,2,2,2,0,2,2,1,0,0,0
3,18,4,0,27,0,3,2,0,0,2,1,3,0,1,2,2,1,0,0,0
3,24,3,9,38,0,2,1,0,0,2,3,3,2,2,1,2,1,0,0,1
1,9,2,2,9,0,2,4,1,0,1,1,3,2,1,1,2,1,0,0,0
3,36,2,2,33,0,2,4,1,0,2,2,2,2,1,1,3,1,1,0,0
2,10,2,2,12,0,1,4,1,0,2,1,2,2,1,1,2,1,0,0,1
0,24,1,2,28,2,2,4,0,0,4,0,2,1,1,1,2,1,1,0,1
1,36,2,3,26,1,2,4,1,1,4,3,5,2,2,1,2,1,0,0,0
3,15,2,1,13,4,4,4,0,0,4,3,4,0,2,1,2,2,0,0,1
0,12,2,4,7,1,0,4,1,0,3,1,2,2,1,1,2,1,0,0,0
0,21,2,3,33,3,1,4,1,0,2,2,2,0,1,1,2,1,0,0,1
0,24,1,1,36,0,2,1,1,2,4,2,2,0,0,1,2,1,0,1,1
1,48,0,9,122,4,2,2,0,0,2,2,4,0,1,1,3,1,1,0,1
0,6,4,0,36,0,2,1,0,0,3,0,3,2,0,3,2,2,0,0,1
1,30,2,2,34,1,2,2,1,1,4,2,2,2,0,1,2,1,0,0,0
3,12,2,0,6,0,2,4,0,0,2,0,4,2,1,1,1,1,0,0,1
3,18,4,0,15,0,2,3,0,0,2,1,3,0,1,2,2,1,0,0,0
3,48,2,9,39,4,2,4,0,0,2,0,3,0,1,1,2,1,0,0,0
0,12,2,2,18,0,1,4,1,0,1,2,2,2,0,1,2,1,0,0,1
0,18,2,3,26,0,2,4,0,0,4,3,6,2,2,2,2,1,0,0,0
3,15,2,3,19,4,4,4,0,0,2,2,3,2,1,1,2,1,0,0,1
3,42,4,2,40,2,2,4,0,0,4,0,3,2,1,2,2,1,1,0,1
3,9,2,6,38,4,4,1,0,0,4,0,6,2,1,1,1,1,0,0,1
0,24,2,3,36,0,2,2,1,0,4,2,2,2,1,1,2,1,0,0,1
0,18,1,2,15,0,2,4,0,0,3,2,4,0,1,1,2,1,0,0,0
3,9,2,2,19,0,1,2,1,1,2,2,1,2,0,2,2,1,0,0,0
1,24,2,0,13,0,1,3,1,0,4,2,2,2,1,1,1,1,1,0,0
3,12,2,6,13,0,4,4,0,0,4,1,4,0,1,3,2,2,1,0,1
3,24,2,3,13,2,3,4,1,0,1,2,2,2,1,1,2,1,0,0,1
3,12,2,3,14,0,1,4,1,0,3,2,3,2,1,1,2,2,0,0,1
0,42,3,3,43,0,3,3,0,0,2,1,2,0,1,2,2,2,1,0,0
1,15,2,5,13,0,4,4,0,0,4,2,3,2,1,2,1,1,0,0,1
3,15,2,6,46,1,2,3,0,0,2,1,4,2,1,1,3,1,1,0,0
3,24,4,3,18,0,3,4,0,2,2,2,3,2,1,2,2,1,1,0,1
0,18,4,3,18,0,3,4,0,0,1,1,3,2,1,2,3,1,1,0,1
3,36,3,9,79,4,1,4,0,0,4,2,2,2,0,2,2,1,1,0,0
0,30,0,2,45,0,2,2,0,2,2,0,3,2,1,2,2,1,0,0,1
3,12,2,0,13,2,2,2,1,0,2,1,2,2,1,1,2,1,0,0,0
2,24,2,0,9,0,3,4,0,0,3,3,3,0,2,1,2,2,0,0,0
0,12,2,6,6,0,2,4,0,0,4,2,4,2,0,1,1,2,0,0,0
0,24,2,0,23,0,4,4,0,1,1,0,4,2,1,1,2,1,0,0,0
1,36,3,0,80,1,4,2,0,0,4,2,4,2,1,4,3,1,1,0,0
3,24,4,1,23,0,3,4,0,0,3,2,3,2,1,2,2,1,1,0,1
0,14,2,0,39,0,0,1,0,0,4,3,2,2,2,1,2,1,0,0,1
1,12,2,0,8,0,4,4,0,0,4,2,4,0,1,1,1,2,0,0,0
3,48,2,3,102,4,3,4,0,0,3,2,3,1,1,1,2,1,1,0,1
1,30,0,9,42,0,2,2,1,0,1,2,2,2,1,2,2,1,0,0,1
1,18,4,2,63,0,4,2,0,0,1,3,4,2,1,1,2,1,1,0,1
0,12,2,0,9,4,2,4,0,0,2,2,2,2,1,1,2,1,0,0,0
3,21,2,2,22,0,4,4,0,0,2,0,5,2,1,2,2,1,0,0,1
1,6,3,2,10,0,0,4,0,0,1,1,3,1,1,2,3,1,1,0,1
3,24,4,10,63,0,0,4,0,1,2,3,2,0,1,2,3,1,1,0,1
1,30,1,2,34,3,2,4,0,0,2,2,3,1,1,1,2,2,1,0,1
0,12,4,0,48,0,4,3,0,1,4,1,4,2,0,2,2,1,1,0,0
2,30,4,3,30,0,4,4,0,0,4,1,4,2,1,1,2,1,0,0,1
3,24,4,9,41,1,2,3,0,0,3,1,2,2,1,2,1,1,1,0,1
3,6,4,0,20,2,2,1,0,0,2,2,2,2,1,1,2,1,0,0,1
3,21,3,9,25,2,1,4,0,0,2,0,4,0,1,1,1,2,0,0,0
3,24,4,2,51,0,4,4,0,0,4,2,3,2,1,1,2,1,1,0,1
1,72,2,3,55,1,2,2,0,0,2,2,2,2,1,1,2,1,0,0,0
3,18,2,3,14,0,1,3,1,0,1,0,2,2,1,1,2,1,0,0,1
3,24,4,3,51,0,1,3,0,0,3,3,4,2,2,3,2,1,1,0,1
2,10,4,3,13,4,3,4,0,0,2,1,2,2,1,2,2,1,1,0,1
3,9,2,3,27,1,4,3,0,1,4,2,3,2,1,1,2,1,1,0,1
0,12,2,0,36,3,2,1,0,0,3,1,3,2,1,1,2,2,0,0,1
0,15,4,2,9,0,2,2,0,0,3,1,2,2,1,2,2,1,0,0,1
1,24,2,3,28,1,1,2,0,0,1,2,2,2,1,1,2,1,0,0,1
0,6,4,0,47,4,1,1,0,0,3,0,4,2,1,2,1,2,0,0,1
3,24,2,3,22,0,3,4,0,0,2,2,2,2,1,1,2,1,1,0,1
1,12,2,3,11,0,3,4,0,2,3,0,2,2,1,2,2,1,0,1,1
3,18,4,3,18,0,2,4,0,0,2,2,2,2,1,2,2,1,0,0,1
2,15,2,6,19,0,4,4,0,0,4,2,4,2,0,1,3,1,1,0,1
0,48,4,1,63,0,4,4,0,0,4,3,4,2,2,2,2,1,1,0,0
2,24,2,3,13,1,4,4,1,0,2,3,4,2,2,1,2,1,1,0,1
1,30,3,9,25,1,4,4,0,0,2,1,4,1,1,2,2,1,0,0,1
1,27,2,9,25,0,1,4,1,0,1,1,3,2,1,1,2,2,1,0,1
1,48,2,0,65,1,3,3,0,0,2,1,2,2,1,1,2,1,0,0,0
1,12,0,2,29,0,1,4,1,0,3,1,2,2,0,2,2,1,0,0,0
1,9,2,3,12,0,4,4,1,0,4,0,2,2,1,1,2,1,0,0,1
3,18,4,3,6,2,4,4,0,0,3,1,3,0,1,2,3,1,1,0,1
0,6,1,6,11,0,4,4,1,0,4,3,3,2,2,1,2,1,0,0,0
3,21,2,1,24,4,4,4,0,0,4,0,4,2,1,1,3,1,1,0,1
0,9,4,3,11,0,2,4,0,0,4,0,2,2,1,2,1,1,0,0,1
1,60,2,0,140,0,3,4,0,0,2,3,2,2,1,1,3,1,1,0,0
3,30,4,1,75,4,4,1,0,0,4,2,6,2,1,2,2,1,0,0,1
3,30,4,3,30,4,4,3,0,0,2,2,4,2,1,2,2,2,1,0,1
2,24,4,3,31,4,2,3,0,0,2,2,3,2,1,2,2,1,1,0,1
1,20,0,1,61,1,4,3,0,0,4,2,3,0,1,2,2,1,1,0,1
1,6,1,6,4,3,1,4,1,0,2,1,2,0,0,1,2,2,0,0,0
0,12,2,0,12,0,2,4,1,0,2,0,2,2,1,1,1,1,0,0,0
1,9,2,3,7,2,2,4,1,0,3,0,6,2,1,1,1,1,0,0,1
3,27,2,0,25,0,2,3,1,0,3,0,2,2,0,1,2,1,0,0,0
3,6,4,0,2,3,2,2,1,0,2,0,4,0,1,2,1,1,0,0,1
0,18,2,3,18,0,2,4,1,0,4,2,2,0,0,2,2,1,0,0,0
1,24,3,3,64,0,1,1,0,0,2,2,3,2,1,1,2,1,0,0,1
0,24,2,3,19,0,2,2,0,0,4,0,2,2,0,1,1,2,0,0,0
1,8,2,3,7,0,3,4,1,2,2,0,4,2,1,1,1,1,0,0,1
3,4,4,0,33,0,3,1,1,0,1,0,3,2,1,1,2,2,0,0,1
1,36,1,4,39,4,1,3,1,0,2,3,2,0,1,1,0,1,0,0,1
1,24,2,1,115,0,2,1,1,0,4,2,2,2,0,2,3,1,0,0,0
0,18,2,0,43,1,2,3,0,0,4,2,3,2,1,1,1,2,1,0,1
3,6,4,0,67,0,3,1,0,0,3,3,4,2,1,2,3,2,1,0,1
1,30,0,9,42,1,2,4,1,0,4,2,2,2,0,2,1,1,0,0,0
0,24,1,0,23,1,3,2,0,0,3,2,3,0,1,1,2,1,0,0,1
1,10,1,3,10,0,2,4,0,0,4,0,2,1,1,1,1,1,0,0,1
3,21,2,3,31,4,4,4,0,0,3,1,4,2,1,1,2,1,1,0,1
0,39,4,2,141,4,3,4,0,0,4,1,3,2,1,2,3,1,1,0,1
0,13,4,9,17,0,1,3,0,0,1,1,2,0,1,2,1,1,0,0,1
0,15,2,0,25,0,0,1,1,0,4,2,2,2,0,1,2,1,0,0,1
0,12,2,0,12,0,1,3,1,0,1,0,3,2,1,1,1,1,0,0,0
3,21,2,1,52,4,2,1,0,0,3,2,2,2,1,1,2,1,0,0,1
3,15,2,1,30,0,3,2,0,0,2,2,3,2,1,1,2,1,0,0,1
0,6,2,2,4,0,4,2,1,0,1,1,4,0,1,1,2,1,1,0,1
0,18,2,0,9,0,1,1,1,0,2,2,2,2,1,1,1,1,0,0,0
1,12,2,9,8,1,3,2,1,0,4,0,2,2,0,1,1,1,0,0,1
3,12,3,5,15,3,4,4,0,0,4,3,5,2,2,2,2,2,0,0,0
0,12,4,0,6,0,4,4,0,0,3,1,3,2,1,2,2,1,0,0,0
3,15,4,0,50,4,4,1,1,0,4,2,5,2,1,1,2,1,1,0,1
0,18,4,2,21,0,2,4,1,0,4,0,2,2,0,2,2,1,0,0,0
0,12,2,3,22,0,2,4,0,0,3,1,2,2,1,1,1,1,0,0,1
3,21,4,0,126,4,4,4,0,0,4,3,3,2,2,1,3,1,1,0,0
3,24,4,0,24,1,3,4,0,0,3,1,2,2,1,2,2,1,1,0,1
1,12,2,3,11,0,4,3,0,2,3,0,4,0,1,2,1,1,0,0,1
0,30,2,2,31,0,1,2,0,0,4,1,3,2,1,1,1,1,0,0,0
3,10,2,1,29,4,1,1,1,0,4,0,3,2,0,1,2,1,0,0,1
3,12,4,3,16,0,4,2,0,0,4,0,6,2,1,2,1,1,1,0,1
0,24,2,1,28,4,4,2,1,0,4,0,2,2,0,1,2,1,0,0,1
3,21,4,1,32,0,4,1,0,0,4,2,3,2,1,1,3,1,1,0,1
0,24,2,0,13,4,2,4,1,0,4,0,2,2,0,1,2,1,0,0,0
0,18,2,3,35,0,3,4,1,2,1,0,2,2,1,1,2,1,0,0,1
1,18,2,5,38,0,0,2,1,0,4,2,6,2,1,1,2,1,1,0,1
1,39,4,3,49,0,3,2,0,2,2,0,2,2,1,2,2,1,0,0,0
1,12,0,8,14,0,2,2,0,0,2,0,3,2,1,1,1,1,1,0,1
1,12,2,0,8,1,1,4,1,0,2,1,2,0,1,1,1,1,0,0,0
1,20,2,1,64,4,0,1,0,0,4,0,6,2,1,1,3,1,1,0,1
1,18,2,9,19,3,2,4,0,0,2,1,3,2,1,1,1,1,1,0,1
3,48,4,1,27,4,4,4,0,0,3,2,3,2,1,2,2,2,1,0,1
2,24,2,2,28,0,4,3,0,0,4,3,5,2,2,1,2,1,0,0,1
3,24,2,2,30,2,4,4,0,0,3,3,3,2,0,1,2,1,1,0,1
0,18,2,1,75,4,4,1,0,0,4,1,5,2,2,1,2,2,1,0,0
3,12,4,2,12,0,1,2,1,0,4,1,2,2,0,2,1,1,0,0,1
3,24,3,0,7,4,4,4,0,0,4,2,5,2,1,2,2,1,1,0,1
1,9,2,0,15,4,1,4,0,0,2,0,3,2,1,1,0,1,0,0,1
3,24,4,6,15,0,4,4,0,0,4,3,5,2,2,2,2,2,0,0,1
1,18,4,3,17,0,4,3,1,2,4,0,4,0,0,2,1,1,1,0,1
0,20,4,2,42,0,4,1,1,0,4,1,2,2,1,2,2,1,0,0,1
1,6,2,3,5,0,1,3,0,0,3,0,2,2,1,1,1,1,0,1,1
3,12,4,3,9,4,4,4,0,0,4,0,6,2,1,4,2,1,0,0,1
1,42,1,1,92,0,0,1,0,0,2,3,5,0,2,1,3,1,1,0,1
1,15,0,0,17,0,1,2,1,0,1,0,2,2,0,2,0,1,0,0,0
1,8,2,9,9,0,1,3,0,0,2,0,2,2,1,1,2,1,1,0,1
1,6,2,3,4,0,3,3,0,2,3,0,2,0,1,1,1,1,0,0,1
0,36,4,1,96,0,3,4,0,0,4,2,2,2,1,2,2,1,1,0,0
0,48,2,0,39,0,3,4,0,0,4,3,4,2,2,1,2,2,0,0,0
1,36,3,0,74,0,2,2,1,0,2,1,5,2,0,1,2,1,0,0,1
3,6,2,4,13,2,2,1,0,0,4,0,6,2,1,1,2,1,0,0,1
3,6,4,3,15,0,3,1,1,0,2,2,2,2,0,2,2,1,1,0,1
0,18,2,3,13,0,2,4,0,0,3,0,2,0,1,1,2,1,0,0,0
2,12,2,3,30,0,2,3,0,0,1,2,2,2,1,1,2,1,0,0,1
0,36,2,2,27,0,4,2,0,0,2,1,4,0,1,1,2,2,0,0,0
0,8,4,0,7,0,4,4,0,0,4,0,4,2,1,2,1,1,0,0,1
3,18,4,2,37,0,1,3,0,0,2,2,3,2,1,2,3,1,1,0,1
0,21,4,0,16,0,4,4,0,0,3,2,3,2,1,2,2,1,1,0,1
0,36,2,1,83,4,4,3,0,0,4,3,4,2,2,1,2,1,0,0,0
1,48,3,9,66,4,2,4,0,0,4,3,3,2,2,1,2,2,1,0,1
3,24,3,9,23,2,2,4,0,0,2,2,4,2,1,2,2,2,1,0,1
0,18,2,0,12,0,1,4,1,0,3,2,2,2,0,1,2,1,1,0,0
0,45,0,9,118,0,4,2,0,0,4,2,2,2,0,2,2,1,0,0,0
2,15,2,3,23,0,1,2,1,0,3,0,2,2,1,1,1,1,0,0,0
0,12,0,0,10,0,2,4,0,0,4,2,4,0,1,2,2,1,0,0,0
3,12,2,3,8,4,2,4,1,0,2,2,2,2,1,1,2,1,0,0,1
3,4,2,2,6,0,1,1,1,0,3,0,2,2,0,1,1,2,0,0,1
0,24,4,1,29,0,4,4,0,0,4,1,6,2,1,2,2,1,1,0,1
3,21,3,1,29,0,2,3,0,0,2,0,2,1,1,2,1,1,0,0,1
3,18,2,5,19,0,1,4,1,0,4,0,2,2,1,1,2,1,0,0,0
3,24,1,9,15,0,3,4,0,0,4,2,5,0,1,1,2,1,1,0,1
1,21,2,2,39,4,3,2,0,0,3,2,3,2,1,1,2,1,1,0,1
3,18,2,0,67,4,2,2,0,0,4,2,6,2,0,2,2,1,0,0,0
3,24,2,0,12,0,1,4,0,0,2,0,2,2,1,1,2,1,0,0,1
0,9,2,3,13,0,3,3,0,0,4,0,5,2,1,1,2,1,0,0,1
0,12,2,3,7,0,4,4,0,0,4,0,5,1,1,1,1,1,0,0,0
0,20,4,0,22,0,2,4,0,2,2,1,3,0,0,2,2,1,0,1,0
3,24,4,1,40,4,3,3,0,0,4,1,4,2,1,2,2,1,1,0,1
3,15,4,3,14,0,2,4,0,0,4,3,3,2,2,2,2,1,1,0,1
0,18,1,0,14,0,3,4,0,0,4,3,3,2,2,2,1,2,0,0,0
3,24,2,0,14,1,1,4,0,0,3,0,3,2,1,1,2,1,1,0,1
3,10,2,8,8,4,3,4,1,0,3,1,4,2,1,1,2,1,1,0,1
0,15,2,0,39,0,2,3,1,0,2,1,2,2,1,1,2,1,1,0,0
0,24,2,3,24,0,1,4,1,0,4,0,3,2,1,1,2,1,1,0,0
3,27,4,2,45,3,1,4,0,0,2,0,3,1,1,2,1,2,1,0,1
3,10,2,2,22,0,2,2,0,0,2,0,2,0,0,1,1,1,0,0,0
3,15,2,2,22,2,2,2,1,0,4,2,2,2,0,1,2,1,0,0,1
0,18,2,3,23,0,1,4,1,0,1,2,2,1,1,1,2,1,0,0,1
3,12,4,2,33,0,4,2,0,0,4,1,4,1,1,1,2,1,0,0,1
3,36,2,9,74,4,4,3,0,0,2,1,3,2,1,2,2,1,0,0,1
0,12,2,2,6,0,4,4,1,0,4,1,2,2,0,1,2,1,0,0,1
3,36,3,2,76,2,3,2,1,0,4,2,4,2,1,2,2,1,1,0,1
2,6,4,0,13,0,4,1,0,0,4,0,4,2,1,2,2,2,0,1,1
0,24,4,9,13,1,3,4,0,0,1,0,2,2,1,2,2,1,1,0,1
0,12,2,2,35,0,2,2,0,1,2,1,2,2,1,1,1,2,0,0,1
1,11,4,0,13,3,2,4,1,0,4,2,4,2,1,2,2,1,0,0,1
0,18,1,3,19,0,1,3,0,1,4,3,3,0,2,1,3,1,1,0,1
3,36,2,3,35,0,4,4,0,0,2,2,2,2,1,1,2,1,0,0,1
0,9,2,0,14,0,1,3,0,0,2,3,2,2,2,1,3,1,1,0,0
3,24,2,1,78,0,3,3,0,0,3,2,3,2,1,1,3,1,1,0,1
3,24,2,1,92,4,2,2,0,0,4,3,4,2,2,1,2,1,1,0,1
3,18,4,3,10,0,0,4,1,0,4,2,6,2,1,2,0,1,0,0,1
0,12,2,6,7,0,1,4,1,0,4,1,5,2,1,1,2,1,0,0,0
1,24,4,9,28,4,3,4,0,0,3,3,3,2,1,2,2,2,1,0,1
1,48,2,9,156,0,2,2,0,0,2,2,2,2,1,1,2,1,1,0,0
3,28,1,1,78,4,1,3,0,2,4,0,4,0,0,2,2,2,1,0,1
0,27,4,9,24,0,4,4,0,0,4,2,4,1,1,4,3,2,1,0,1
3,15,4,3,18,0,4,4,0,0,4,2,4,2,1,2,2,1,1,0,1
0,12,4,0,21,0,2,4,0,0,4,1,3,0,1,2,1,1,0,1,1
1,36,4,1,58,0,2,3,0,0,4,2,3,2,1,2,2,1,1,0,1
3,18,4,3,11,4,2,4,0,0,3,1,2,2,1,2,2,1,1,0,1
0,21,2,3,26,0,1,4,1,0,4,1,2,2,0,1,3,1,1,0,1
3,12,4,2,15,3,3,3,1,0,2,1,3,2,1,1,2,1,0,1,1
3,15,2,2,21,4,3,1,1,0,4,0,3,0,0,1,1,1,0,0,1
0,18,2,2,41,0,2,2,0,1,3,2,4,2,1,1,2,1,0,0,0
0,16,4,0,26,0,4,2,0,2,4,1,4,0,0,1,2,1,1,0,0
3,20,4,0,34,4,1,2,0,0,4,0,4,2,1,2,2,1,1,0,1
3,36,4,1,104,4,4,2,0,0,4,3,4,2,2,2,2,1,0,0,1
3,15,2,3,13,4,2,4,0,0,2,0,4,2,0,1,2,1,1,0,1
3,24,2,3,12,0,4,4,0,0,1,0,3,2,1,1,3,1,1,0,1
0,12,2,3,11,0,2,2,0,0,2,0,2,2,0,1,3,2,1,0,1
0,21,2,0,37,4,3,2,0,1,2,0,2,2,1,1,1,1,0,1,1
3,36,3,3,44,0,2,4,1,0,4,0,3,2,1,2,2,1,0,0,1
1,24,4,2,47,0,1,2,1,0,4,2,2,0,1,1,1,1,0,0,0
3,11,2,9,21,3,4,1,0,0,2,0,2,2,1,1,2,1,1,0,1
0,24,1,9,31,0,2,4,0,0,2,1,3,2,0,1,2,1,1,0,0
1,48,0,10,184,0,2,1,1,0,2,1,3,0,1,1,3,1,1,1,0
3,10,2,1,28,1,2,1,0,1,2,0,3,2,1,1,2,2,0,0,1
0,24,2,2,23,1,0,1,0,0,1,1,3,2,1,1,2,1,0,0,0
0,24,2,2,33,0,4,4,0,0,2,1,3,2,0,1,3,1,1,0,0
3,18,4,2,18,0,2,4,1,0,2,3,2,2,1,2,2,1,0,0,1
3,48,3,3,127,2,3,4,0,0,1,2,3,2,1,1,3,1,1,0,1
0,9,2,3,13,0,1,3,1,0,4,1,2,2,0,1,2,1,0,0,0
1,12,2,0,20,0,3,3,0,0,4,1,3,2,0,1,2,2,1,0,1
0,24,1,2,68,0,1,2,0,0,1,1,5,0,1,1,2,1,1,0,0
0,12,1,0,6,0,1,4,0,0,2,2,4,0,1,2,2,1,1,0,0
0,18,4,2,10,0,1,4,1,0,4,1,2,2,0,1,2,1,0,0,1
0,48,2,1,102,0,3,4,0,0,4,3,3,1,2,3,2,2,1,0,0
0,24,2,2,17,0,1,4,0,1,1,1,2,2,1,1,1,1,0,1,1
1,9,2,3,16,0,1,4,1,0,2,2,2,2,1,1,2,1,1,0,0
3,9,4,0,12,0,2,3,0,0,1,0,3,2,1,2,2,1,0,0,1
3,12,4,3,5,2,4,4,0,0,4,1,4,2,1,2,2,2,1,0,1
1,30,3,3,19,1,1,4,0,0,3,3,3,1,1,2,3,1,0,0,0
2,9,2,3,7,0,2,3,1,0,2,0,2,2,1,1,1,1,0,0,0
1,6,2,3,20,0,1,4,0,0,3,2,3,2,0,1,3,1,1,0,1
1,60,2,6,62,0,2,4,0,0,4,3,4,2,2,1,2,1,0,0,0
3,24,4,1,68,4,2,2,0,0,4,1,4,2,1,2,3,2,1,0,1
3,12,2,0,35,4,1,2,0,0,3,1,4,2,1,1,3,2,1,0,1
3,10,2,0,15,0,2,3,0,0,2,0,3,2,1,1,1,2,0,1,1
3,24,2,2,9,4,3,4,0,0,2,2,3,1,1,1,2,1,1,0,1
3,4,4,0,14,0,3,2,0,0,1,0,4,2,1,3,1,2,0,0,1
0,15,2,2,18,0,1,4,1,2,1,1,4,2,0,1,2,1,0,0,1
1,48,0,0,83,2,1,1,1,0,1,2,3,2,1,2,2,1,0,0,1
3,12,2,0,28,4,0,4,0,0,4,3,3,2,1,1,3,1,1,0,1
3,18,2,2,15,0,1,4,0,1,1,1,4,2,1,1,1,2,0,0,0
3,24,2,3,36,1,4,2,0,0,4,2,3,2,1,2,2,1,0,0,0
1,18,4,9,35,0,0,3,0,0,3,2,4,2,1,3,0,2,1,0,1
0,36,3,9,21,0,3,2,0,0,1,2,2,2,1,2,2,1,1,0,0
3,36,2,2,109,0,0,4,1,0,2,2,2,2,1,2,3,1,1,0,0
2,30,4,3,36,4,4,4,0,0,4,1,4,1,1,2,1,1,0,0,1
1,9,4,3,11,0,4,2,0,0,4,0,3,2,1,3,1,1,0,0,1
0,28,2,0,40,0,2,3,0,0,2,2,4,2,1,1,1,1,0,0,0
1,24,2,2,30,1,4,4,0,0,4,3,3,2,2,1,2,1,0,0,1
3,6,4,3,17,0,4,2,0,0,2,0,3,2,0,2,2,1,0,0,1
3,15,2,0,35,4,2,3,0,0,2,3,2,2,1,1,2,1,0,0,1
1,6,2,5,4,0,1,3,0,0,1,1,2,2,1,1,1,1,0,0,1
1,30,2,3,17,4,2,4,1,0,1,2,2,2,1,1,2,1,0,0,1
1,15,2,5,15,1,2,4,0,2,2,0,2,2,1,1,2,1,0,0,1
0,24,1,0,11,0,0,1,1,1,4,3,2,2,0,2,0,1,0,0,0
0,60,2,9,72,0,4,4,0,1,4,3,3,2,0,1,2,1,0,0,0
3,30,4,3,28,0,2,4,1,0,2,2,3,2,1,1,2,1,1,0,1
1,18,3,9,24,4,4,4,0,0,2,1,4,2,1,2,2,1,0,0,1
3,24,3,0,25,0,4,4,0,0,4,2,4,2,1,2,1,2,0,0,0
1,30,4,2,83,0,3,2,0,0,2,1,4,2,1,1,2,1,0,0,0
3,48,2,9,48,0,0,3,0,0,2,2,3,0,0,1,3,1,1,0,0
2,21,2,0,29,1,2,1,1,0,1,2,2,0,1,1,3,1,1,0,1
0,36,2,1,82,0,2,2,0,0,2,1,2,2,1,1,2,2,0,0,0
3,13,2,3,14,1,0,2,1,0,4,0,6,2,1,1,2,1,0,0,1
1,24,4,3,17,0,4,4,0,0,2,1,4,2,1,2,1,1,0,0,1
3,15,1,3,15,1,4,4,0,0,4,2,3,0,1,1,1,2,0,0,1
0,18,2,3,19,4,3,2,0,0,4,2,2,2,0,2,1,1,0,0,1
0,36,2,2,39,0,0,4,0,0,3,1,3,2,1,1,3,1,1,0,1
3,12,2,0,23,4,4,4,0,0,3,2,5,2,1,1,2,1,1,0,1
3,12,2,2,17,0,3,3,1,0,4,0,3,2,1,1,1,1,0,0,1
0,30,2,1,38,0,2,4,0,0,4,1,4,2,1,1,3,1,1,0,1
3,12,2,3,8,0,4,4,0,0,4,2,3,2,1,1,2,1,0,0,1
1,45,4,1,45,1,0,3,0,0,4,2,2,2,1,1,2,1,0,0,1
